0 1.000000
25000 0.296069
50000 0.124717
75000 0.081901
100000 0.062922
125000 0.052118
150000 0.044395
175000 0.039446
200000 0.035165
225000 0.031762
250000 0.029584
275000 0.027191
300000 0.025769
325000 0.023665
350000 0.022107
375000 0.020934
400000 0.019735
425000 0.018776
450000 0.017542
475000 0.017172
500000 0.016424
525000 0.015770
550000 0.015345
575000 0.014781
600000 0.014429
625000 0.013827
650000 0.013303
675000 0.012221
700000 0.011489
725000 0.010712
750000 0.010376
775000 0.009707
800000 0.009554
825000 0.008693
850000 0.008500
875000 0.008054
900000 0.007518
925000 0.007383
950000 0.006993
975000 0.006847
1000000 0.006447
1025000 0.006267
1050000 0.005998
1075000 0.005911
1100000 0.005564
1125000 0.005275
1150000 0.005165
1175000 0.005070
1200000 0.005000
1225000 0.004859
1250000 0.004835
1275000 0.004648
1300000 0.004654
1325000 0.004764
1350000 0.004794
1375000 0.004894
1400000 0.004417
1425000 0.004658
1450000 0.004384
1475000 0.004591
1500000 0.004136
1525000 0.004392
1550000 0.004245
1575000 0.004330
1600000 0.003883
1625000 0.004012
1650000 0.003873
1675000 0.004145
1700000 0.003976
1725000 0.003893
1750000 0.003732
1775000 0.003748
1800000 0.003702
1825000 0.003543
1850000 0.003404
1875000 0.003691
1900000 0.003392
1925000 0.003575
1950000 0.003439
1975000 0.003378
2000000 0.002859
2025000 0.003038
2050000 0.003031
2075000 0.002824
2100000 0.003009
2125000 0.002934
2150000 0.003308
2175000 0.002837
2200000 0.002682
2225000 0.002779
2250000 0.002681
2275000 0.002927
2300000 0.002857
2325000 0.002602
2350000 0.002979
2375000 0.003241
2400000 0.002735
